9000
9001
9002
9003
9004
9005
9006
9007
9008
9009
9010
9011
9012
9013
9014
9015
9016
9019
9021
9022
9023
9024
9025
9026
9027
9028
9029
9030
9031
9032
9033
9034
9035
9036
9037
9038
9039
9040
9041
9042
9043
9044
9045
9046
9047
9048
9049
9050
9051
9052
9053
9054
9055
9056
9057
9058
9059
9060
9061
9062
9063
9064
9065
9067
9068
9070
9071
9072
9073
9074
9075
9076
9077
9078
9079
9080
9081
9082
9083
9084
9085
9086
9087
9088
9089
9090
9091
9092
9093
9094
9096
9099
9100
9101
9102
9103
9104
9105
9106
9108
9109
9110
9111
9112
9113
9114
9115
9116
9117
9119
9121
9122
9123
9124
9125
9126
9127
9128
9129
9130
9131
9133
9134
9135
9136
9137
9138
9140
9141
9142
9144
9145
9146
9147
9148
9149
9150
9151
9152
9153
9154
9155
9156
9157
9158
9159
9160
9161
9162
9163
9164
9165
9166
9167
9168
9170
9171
9172
9173
9174
9175
9176
9177
9178
9179
9180
9181
9182
9183
9184
9185
9186
9187
9188
9189
9190
9191
9192
9193
9194
9195
9196
9197
9198
9199
9200
9201
9202
9203
9204
9205
9207
9211
9213
9214
9215
9216
9218
9219
9220
9221
9223
9224
9225
9226
9227
9229
9230
9233
9234
9235
9236
9237
9238
9239
9240
9241
9242
9243
9244
9245
9249
9250
9251
9252
9254
9255
9256
9257
9259
9261
9262
9263
9264
9265
9266
9267
9269
9270
9272
9273
9274
9276
9277
9278
9279
9280
9281
9284
9285
9286
9287
9288
9292
9296
9298
9301
9302
9304
9305
9306
9308
9309
9310
9311
9312
9313
9315
9316
9317
9318
9319
9321
9322
9324
9325
9326
9327
9328
9330
9334
9335
9336
9337
9340
9341
9342
9343
9344
9345
9346
9347
9348
9349
9350
9353
9354
9355
9356
9358
9359
9360
9364
9367
9368
9369
9370
9371
9372
9373
9374
9375
9376
9378
9380
9381
9382
9383
9384
9385
9388
9389
9390
9391
9392
9398
9400
9401
9402
9403
9404
9405
9406
9407
9408
9409
9410
9411
9412
9413
9414
9415
9416
9417
9418
9419
9420
9421
9422
9423
9424
9425
9426
9427
9428
9429
9430
9431
9432
9433
9434
9435
9436
9437
9438
9439
9440
9441
9442
9443
9444
9445
9446
9447
9448
9449
9450
9451
9452
9453
9454
9455
9456
9457
9458
9459
9460
9461
9462
9463
9464
9465
9466
9467
9468
9469
9470
9471
9472
9473
9474
9475
9476
9477
9478
9479
9480
9481
9482
9483
9484
9485
9486
9487
9488
9489
9490
9491
9492
9493
9494
9495
9496
9497
9498
9499
9500
9501
9502
9503
9505
9506
9507
9508
9509
9510
9511
9512
9513
9514
9515
9516
9517
9518
9519
9521
9522
9523
9525
9526
9527
9528
9529
9530
9531
9532
9534
9535
9536
9537
9538
9539
9540
9541
9542
9544
9545
9546
9547
9548
9549
9550
9552
9553
9554
9555
9556
9557
9558
9559
9560
9561
9562
9564
9565
9566
9567
9568
9569
9570
9571
9572
9573
9574
9575
9576
9579
9580
9581
9582
9583
9584
9585
9586
9587
9588
9589
9591
9592
9593
9594
9596
9597
9598
9599
9600
9601
9602
9603
9604
9605
9606
9608
9609
9610
9611
9612
9616
9617
9618
9619
9620
9621
9622
9623
9624
9625
9626
9627
9628
9629
9630
9631
9632
9633
9634
9635
9636
9637
9638
9639
9640
9641
9642
9643
9644
9645
9646
9647
9648
9649
9650
9651
9652
9653
9654
9655
9656
9657
9658
9660
9661
9662
9663
9664
9665
9666
9667
9668
9669
9670
9671
9672
9673
9674
9675
9676
9677
9678
9679
9680
9682
9683
9684
9685
9686
9687
9689
9690
9691
9692
9693
9694
9695
9696
9701
9702
9703
9704
9705
9706
9707
9708
9709
9711
9712
9713
9714
9717
9718
9719
9720
9721
9723
9724
9725
9726
9727
9728
9729
9730
9731
9732
9733
9734
9735
9736
9737
9739
9740
9741
9742
9743
9744
9745
9746
9747
9748
9749
9751
9752
9753
9754
9755
9756
9758
9759
9760
9761
9763
9764
9765
9766
9767
9769
9770
9771
9772
9773
9774
9775
9776
9777
9778
9779
9780
9781
9783
9784
9785
9786
9787
9789
9790
9791
9792
9793
9794
9795
9796
9797
9798
9799
9800
9801
9805
9810
9811
9812
9813
9814
9815
9816
9817
9818
9819
9820
9821
9822
9823
9824
9825
9826
9827
9828
9829
9830
9831
9832
9833
9834
9835
9836
9837
9838
9839
9840
9842
9843
9844
9845
9846
9847
9848
9849
9850
9855
9860
9861
9862
9863
9864
9865
9866
9867
9868
9869
9870
9871
9872
9873
9874
9875
9876
9877
9878
9879
9880
9881
9882
9883
9884
9885
9886
9887
9888
9889
9890
9891
9892
9893
9894
9895
9896
9897
9898
9899
9900
9901
9902
9903
9904
9905
9906
9907
9908
9909
9910
9911
9912
9913
9914
9915
9916
9917
9918
9919
9920
9921
9922
9923
9924
9925
9926
9927
9928
9929
9930
9931
9932
9933
9934
9935
9936
9937
9938
9939
9940
9941
9942
9943
9944
9945
9946
9947
9948
9949
9950
9951
9952
9953
9954
9955
9956
9957
9958
9959
9960
9961
9962
9963
9964
9966
9967
9970
9971
9972
9973
9974
9975
9977
9978
9979
9980
9981
9982
9983
9984
9985
9986
9987
9988
9989
9990
9991
9992
9993
9994
9995
9996
9997
9998
9999
8001
8002
8003
8004
8005
8006
8007
8008
8009
8010
8011
8016
8017
8018
8051
8052
8053
8054
8055
8056
8057
8058
8059
8065
8071
8072
8073
8074
8075
8076
8077
8078
8079
8081
8082
8084
8085
8086
8089
8094
8095
8096
8098
8102
8104
8105
8106
8107
8108
8110
8111
8112
8113
8114
8115
8116
8117
8118
8119
8120
8121
8122
8124
8126
8127
8128
8129
8130
8131
8132
8133
8134
8135
8136
8137
8138
8139
8140
8141
8142
8144
8145
8146
8150
8151
8152
8153
8154
8155
8156
8157
8158
8159
8160
8167
8168
8169
8170
8171
8172
8173
8174
8177
8178
8179
8180
8184
8185
8186
8187
8189
8190
8191
8192
8193
8194
8195
8196
8197
8198
8199
8200
8207
8208
8209
8210
8217
8218
8219
8220
8221
8222
8223
8224
8225
8226
8227
8228
8229
8238
8239
8240
8247
8248
8249
8250
8252
8256
8257
8258
8259
8264
8269
8270
8271
8273
8275
8277
8278
8279
8280
8281
8282
8283
8284
8287
8288
8289
8290
8291
8292
8294
8295
8296
8297
8298
8299
8300
8301
8304
8307
8308
8309
8310
8317
8318
8319
8320
8328
8329
8330
8331
8332
8333
8334
8335
8336
8337
8338
8339
8340
8341
8342
8343
8345
8346
8347
8348
8349
8350
8351
8352
8355
8356
8357
8358
8359
8360
8367
8368
8369
8370
8371
8372
8373
8374
8375
8376
8377
8378
8379
8380
8383
8384
8390
8392
8393
8394
8395
8396
8397
8398
8399
8400
8402
8403
8404
8405
8406
8407
8408
8409
8411
8412
8413
8414
8415
8416
8418
8419
8420
8421
8422
8423
8425
8426
8427
8428
8429
8432
8433
8434
8435
8436
8437
8440
8441
8445
8446
8447
8448
8449
8450
8451
8452
8454
8455
8456
8457
8458
8459
8461
8462
8463
8464
8465
8466
8469
8471
8472
8473
8474
8475
8476
8477
8478
8479
8480
8481
8483
8484
8485
8486
8489
8491
8492
8493
8494
8495
8496
8497
8498
8499
8500
8501
8502
8503
8504
8505
8506
8509
8510
8511
8512
8513
8514
8515
8516
8517
8518
8521
8522
8523
8524
8525
8527
8528
8529
8530
8531
8532
8535
8536
8537
8538
8539
8540
8541
8543
8544
8546
8547
8548
8549
8550
8551
8552
8554
8555
8556
8557
8558
8569
8570
8571
8572
8573
8574
8576
8577
8578
8579
8580
8581
8582
8583
8584
8585
8586
8587
8588
8589
8590
8591
8592
8593
8594
8595
8596
8597
8598
8599
8600
8601
8605
8606
8607
8608
8609
8610
8617
8618
8619
8626
8627
8628
8630
8637
8638
8639
8650
8651
8652
8653
8657
8658
8660
8667
8668
8669
8670
8674
8676
8677
8678
8680
8681
8682
8683
8684
8685
8689
8690
8691
8692
8695
8696
8697
8698
8699
8700
8707
8708
8709
8713
8714
8715
8716
8717
8718
8719
8720
8721
8722
8723
8724
8725
8726
8727
8728
8729
8730
8731
8739
8740
8741
8742
8743
8744
8745
8746
8747
8748
8749
8750
8752
8753
8754
8755
8756
8757
8758
8761
8762
8763
8764
8765
8766
8768
8769
8770
8777
8778
8779
8780
8787
8788
8789
8790
8794
8795
8796
8800
8805
8806
8807
8808
8809
8810
8811
8812
8813
8814
8815
8816
8818
8819
8821
8823
8824
8825
8826
8827
8828
8830
8836
8837
8838
8839
8840
8847
8848
8849
8850
8851
8853
8855
8858
8859
8860
8861
8862
8863
8870
8872
8873
8874
8875
8876
8877
8878
8879
8880
8881
8882
8884
8886
8887
8888
8889
8890
8891
8894
8895
8897
8899
8900
8901
8902
8903
8905
8910
8917
8918
8919
8920
8921
8923
8928
8929
8930
8932
8933
8934
8935
8936
8937
8938
8939
8940
8941
8942
8943
8944
8945
8948
8949
8952
8953
8954
8956
8958
8959
8963
8964
8965
8966
8967
8968
8969
8970
8971
8972
8974
8975
8978
8979
8980
8985
8986
8987
8988
8989
8990
8991
8992
8993
8994
8995
8997
8999
7000
7001
7002
7003
7004
7005
7006
7007
7008
7009
7010
7011
7012
7013
7014
7015
7016
7017
7018
7019
7020
7021
7022
7023
7024
7025
7026
7027
7028
7029
7030
7032
7033
7034
7036
7038
7039
7042
7043
7044
7045
7046
7047
7048
7049
7050
7051
7052
7054
7055
7056
7057
7060
7061
7063
7064
7065
7066
7067
7068
7069
7070
7071
7072
7073
7074
7076
7077
7078
7079
7080
7081
7082
7083
7084
7085
7086
7087
7088
7089
7090
7091
7092
7093
7094
7095
7096
7097
7099
7102
7103
7138
7201
7202
7203
7205
7206
7208
7217
7218
7219
7222
7223
7224
7225
7226
7227
7228
7229
7230
7237
7238
7239
7240
7249
7250
7251
7252
7253
7254
7255
7256
7257
7258
7259
7260
7261
7262
7263
7264
7265
7280
7281
7282
7283
7284
7289
7290
7291
7292
7294
7295
7296
7297
7300
7302
7303
7304
7305
7306
7307
7308
7309
7310
7311
7319
7320
7321
7322
7323
7324
7325
7326
7327
7329
7330
7332
7333
7334
7335
7336
7337
7338
7339
7340
7347
7348
7349
7350
7351
7352
7353
7354
7355
7356
7357
7358
7359
7360
7361
7362
7363
7364
7365
7366
7367
7368
7369
7370
7371
7372
7374
7375
7376
7377
7378
7379
7380
7381
7382
7383
7384
7385
7387
7388
7389
7390
7391
7395
7396
7397
7400
7406
7407
7408
7409
7410
7412
7413
7414
7419
7424
7425
7426
7427
7429
7430
7431
7432
7433
7434
7435
7436
7437
7438
7440
7441
7447
7448
7449
7450
7454
7455
7456
7457
7458
7459
7460
7461
7462
7463
7465
7466
7470
7471
7474
7476
7477
7478
7481
7482
7483
7484
7485
7486
7487
7488
7490
7491
7492
7493
7494
7495
7496
7497
7500
7505
7506
7507
7508
7509
7510
7511
7517
7518
7520
7521
7522
7523
7524
7525
7526
7527
7528
7529
7530
7531
7533
7534
7535
7536
7538
7539
7540
7541
7542
7543
7544
7545
7546
7547
7548
7549
7550
7551
7556
7557
7558
7559
7560
7561
7562
7563
7564
7565
7566
7567
7568
7569
7570
7571
7572
7573
7574
7575
7576
7577
7579
7580
7581
7582
7583
7584
7585
7586
7587
7588
7589
7590
7591
7592
7593
7594
7595
7596
7597
7598
7599
7600
7602
7604
7605
7606
7607
7608
7609
7617
7618
7619
7620
7621
7622
7623
7624
7625
7626
7627
7628
7629
7630
7631
7632
7633
7634
7635
7636
7637
7638
7639
7640
7641
7642
7646
7647
7648
7649
7650
7651
7652
7653
7654
7655
7656
7658
7659
7660
7661
7662
7663
7664
7665
7666
7667
7668
7669
7671
7672
7673
7674
7675
7676
7678
7680
7682
7683
7684
7688
7689
7690
7691
7692
7693
7694
7696
7697
7698
7699
7700
7701
7702
7703
7704
7705
7706
7707
7708
7709
7710
7711
7712
7713
7714
7715
7716
7717
7718
7719
7720
7721
7725
7726
7727
7728
7729
7730
7731
7732
7733
7734
7736
7737
7738
7739
7740
7741
7742
7743
7744
7745
7746
7747
7748
7749
7750
7751
7752
7753
7754
7755
7756
7757
7758
7759
7760
7761
7762
7763
7764
7765
7766
7767
7768
7769
7770
7771
7772
7773
7774
7775
7776
7777
7779
7780
7781
7782
7787
7788
7789
7796
7797
7798
7799
7800
7807
7808
7809
7810
7811
7812
7813
7814
7817
7818
7819
7820
7821
7822
7827
7828
7829
7830
7831
7832
7833
7834
7835
7836
7837
7838
7839
7840
7852
7856
7860
7863
7867
7868
7869
7870
7871
7872
7873
7874
7875
7876
7877
7878
7879
7880
7881
7887
7888
7889
7890
7891
7892
7893
7894
7895
7896
7897
7898
7899
7900
7901
7902
7903
7904
7905
7906
7907
7908
7909
7972
7973
7974
7975
7976
7977
7978
7979
7980
7981
7982
7983
7984
7985
7986
7987
7988
7989
7990
7991
7992
7993
7994
7995
7996
7997
7999
6000
6001
6002
6003
6005
6006
6009
6026
6032
6109
6200
6201
6202
6203
6204
6205
6206
6207
6208
6209
6230
6232
6235
6238
6260
6261
6262
6263
6264
6265
6266
6267
6268
6269
6280
6282
6283
6284
6287
6289
6290
6291
6292
6293
6294
6295
6296
6300
6301
6302
6303
6304
6306
6307
6309
6351
6352
6353
6354
6355
6356
6357
6358
6359
6360
6361
6362
6363
6364
6366
6367
6369
6370
6371
6372
6374
6375
6376
6377
6378
6379
6380
6381
6382
6383
6384
6385
6386
6387
6388
6389
6391
6392
6393
6394
6396
6397
6398
6399
6826
6828
6901
6909
6913
