9017
9018
9020
9066
9069
9095
9097
9098
9107
9118
9120
9132
9139
9143
9169
9206
9208
9209
9210
9212
9217
9222
9228
9231
9232
9246
9247
9248
9253
9258
9260
9268
9271
9275
9282
9283
9289
9290
9291
9293
9294
9295
9297
9299
9300
9303
9307
9314
9320
9323
9329
9331
9332
9333
9338
9339
9351
9352
9357
9361
9362
9363
9365
9366
9377
9379
9386
9387
9393
9394
9395
9396
9397
9399
9504
9520
9524
9533
9543
9551
9563
9577
9578
9590
9595
9607
9613
9614
9615
9659
9681
9688
9697
9698
9699
9700
9710
9715
9716
9722
9738
9750
9757
9762
9768
9782
9788
9802
9803
9804
9806
9807
9808
9809
9841
9851
9852
9853
9854
9856
9857
9858
9859
9965
9968
9969
9976
8000
8012
8013
8014
8015
8019
8020
8021
8022
8023
8024
8025
8026
8027
8028
8029
8030
8031
8032
8033
8034
8035
8036
8037
8038
8039
8040
8041
8042
8043
8044
8045
8046
8047
8048
8049
8050
8060
8061
8062
8063
8064
8066
8067
8068
8069
8070
8080
8083
8087
8088
8090
8091
8092
8093
8097
8099
8100
8101
8103
8109
8123
8125
8143
8147
8148
8149
8161
8162
8163
8164
8165
8166
8175
8176
8181
8182
8183
8188
8201
8202
8203
8204
8205
8206
8211
8212
8213
8214
8215
8216
8230
8231
8232
8233
8234
8235
8236
8237
8241
8242
8243
8244
8245
8246
8251
8253
8254
8255
8260
8261
8262
8263
8265
8266
8267
8268
8272
8274
8276
8285
8286
8293
8302
8303
8305
8306
8311
8312
8313
8314
8315
8316
8321
8322
8323
8324
8325
8326
8327
8344
8353
8354
8361
8362
8363
8364
8365
8366
8381
8382
8385
8386
8387
8388
8389
8391
8401
8410
8417
8424
8430
8431
8438
8439
8442
8443
8444
8453
8460
8467
8468
8470
8482
8487
8488
8490
8507
8508
8519
8520
8526
8533
8534
8542
8545
8553
8559
8560
8561
8562
8563
8564
8565
8566
8567
8568
8575
8602
8603
8604
8611
8612
8613
8614
8615
8616
8620
8621
8622
8623
8624
8625
8629
8631
8632
8633
8634
8635
8636
8640
8641
8642
8643
8644
8645
8646
8647
8648
8649
8654
8655
8656
8659
8661
8662
8663
8664
8665
8666
8671
8672
8673
8675
8679
8686
8687
8688
8693
8694
8701
8702
8703
8704
8705
8706
8710
8711
8712
8732
8733
8734
8735
8736
8737
8738
8751
8759
8760
8767
8771
8772
8773
8774
8775
8776
8781
8782
8783
8784
8785
8786
8791
8792
8793
8797
8798
8799
8801
8802
8803
8804
8817
8820
8822
8829
8831
8832
8833
8834
8835
8841
8842
8843
8844
8845
8846
8852
8854
8856
8857
8864
8865
8866
8867
8868
8869
8871
8883
8885
8892
8893
8896
8898
8904
8906
8907
8908
8909
8911
8912
8913
8914
8915
8916
8922
8924
8925
8926
8927
8931
8946
8947
8950
8951
8955
8957
8960
8961
8962
8973
8976
8977
8981
8982
8983
8984
8996
8998
7031
7035
7037
7040
7041
7053
7058
7059
7062
7075
7098
7100
7101
7104
7105
7106
7107
7108
7109
7110
7111
7112
7113
7114
7115
7116
7117
7118
7119
7120
7121
7122
7123
7124
7125
7126
7127
7128
7129
7130
7131
7132
7133
7134
7135
7136
7137
7139
7140
7141
7142
7143
7144
7145
7146
7147
7148
7149
7150
7151
7152
7153
7154
7155
7156
7157
7158
7159
7160
7161
7162
7163
7164
7165
7166
7167
7168
7169
7170
7171
7172
7173
7174
7175
7176
7177
7178
7179
7180
7181
7182
7183
7184
7185
7186
7187
7188
7189
7190
7191
7192
7193
7194
7195
7196
7197
7198
7199
7200
7204
7207
7209
7210
7211
7212
7213
7214
7215
7216
7220
7221
7231
7232
7233
7234
7235
7236
7241
7242
7243
7244
7245
7246
7247
7248
7266
7267
7268
7269
7270
7271
7272
7273
7274
7275
7276
7277
7278
7279
7285
7286
7287
7288
7293
7298
7299
7301
7312
7313
7314
7315
7316
7317
7318
7328
7331
7341
7342
7343
7344
7345
7346
7373
7386
7392
7393
7394
7398
7399
7401
7402
7403
7404
7405
7411
7415
7416
7417
7418
7420
7421
7422
7423
7428
7439
7442
7443
7444
7445
7446
7451
7452
7453
7464
7467
7468
7469
7472
7473
7475
7479
7480
7489
7498
7499
7501
7502
7503
7504
7512
7513
7514
7515
7516
7519
7532
7537
7552
7553
7554
7555
7578
7601
7603
7610
7611
7612
7613
7614
7615
7616
7643
7644
7645
7657
7670
7677
7679
7681
7685
7686
7687
7695
7722
7723
7724
7735
7778
7783
7784
7785
7786
7790
7791
7792
7793
7794
7795
7801
7802
7803
7804
7805
7806
7815
7816
7823
7824
7825
7826
7841
7842
7843
7844
7845
7846
7847
7848
7849
7850
7851
7853
7854
7855
7857
7858
7859
7861
7862
7864
7865
7866
7882
7883
7884
7885
7886
7910
7911
7912
7913
7914
7915
7916
7917
7918
7919
7920
7921
7922
7923
7924
7925
7926
7927
7928
7929
7930
7931
7932
7933
7934
7935
7936
7937
7938
7939
7940
7941
7942
7943
7944
7945
7946
7947
7948
7949
7950
7951
7952
7953
7954
7955
7956
7957
7958
7959
7960
7961
7962
7963
7964
7965
7966
7967
7968
7969
7970
7971
7998
6004
6007
6008
6010
6011
6012
6013
6014
6015
6016
6017
6018
6019
6020
6021
6022
6023
6024
6025
6027
6028
6029
6030
6031
6033
6034
6035
6036
6037
6038
6039
6040
6041
6042
6043
6044
6045
6046
6047
6048
6049
6050
6051
6052
6053
6054
6055
6056
6057
6058
6059
6060
6061
6062
6063
6064
6065
6066
6067
6068
6069
6070
6071
6072
6073
6074
6075
6076
6077
6078
6079
6080
6081
6082
6083
6084
6085
6086
6087
6088
6089
6090
6091
6092
6093
6094
6095
6096
6097
6098
6099
6100
6101
6102
6103
6104
6105
6106
6107
6108
6110
6111
6112
6113
6114
6115
6116
6117
6118
6119
6120
6121
6122
6123
6124
6125
6126
6127
6128
6129
6130
6131
6132
6133
6134
6135
6136
6137
6138
6139
6140
6141
6142
6143
6144
6145
6146
6147
6148
6149
6150
6151
6152
6153
6154
6155
6156
6157
6158
6159
6160
6161
6162
6163
6164
6165
6166
6167
6168
6169
6170
6171
6172
6173
6174
6175
6176
6177
6178
6179
6180
6181
6182
6183
6184
6185
6186
6187
6188
6189
6190
6191
6192
6193
6194
6195
6196
6197
6198
6199
6210
6211
6212
6213
6214
6215
6216
6217
6218
6219
6220
6221
6222
6223
6224
6225
6226
6227
6228
6229
6231
6233
6234
6236
6237
6239
6240
6241
6242
6243
6244
6245
6246
6247
6248
6249
6250
6251
6252
6253
6254
6255
6256
6257
6258
6259
6270
6271
6272
6273
6274
6275
6276
6277
6278
6279
6281
6285
6286
6288
6297
6298
6299
6305
6308
6310
6311
6312
6313
6314
6315
6316
6317
6318
6319
6320
6321
6322
6323
6324
6325
6326
6327
6328
6329
6330
6331
6332
6333
6334
6335
6336
6337
6338
6339
6340
6341
6342
6343
6344
6345
6346
6347
6348
6349
6350
6365
6368
6373
6390
6395
6400
6401
6402
6403
6404
6405
6406
6407
6408
6409
6410
6411
6412
6413
6414
6415
6416
6417
6418
6419
6420
6421
6422
6423
6424
6425
6426
6427
6428
6429
6430
6431
6432
6433
6434
6435
6436
6437
6438
6439
6440
6441
6442
6443
6444
6445
6446
6447
6448
6449
6450
6451
6452
6453
6454
6455
6456
6457
6458
6459
6460
6461
6462
6463
6464
6465
6466
6467
6468
6469
6470
6471
6472
6473
6474
6475
6476
6477
6478
6479
6480
6481
6482
6483
6484
6485
6486
6487
6488
6489
6490
6491
6492
6493
6494
6495
6496
6497
6498
6499
6500
6501
6502
6503
6504
6505
6506
6507
6508
6509
6510
6511
6512
6513
6514
6515
6516
6517
6518
6519
6520
6521
6522
6523
6524
6525
6526
6527
6528
6529
6530
6531
6532
6533
6534
6535
6536
6537
6538
6539
6540
6541
6542
6543
6544
6545
6546
6547
6548
6549
6550
6551
6552
6553
6554
6555
6556
6557
6558
6559
6560
6561
6562
6563
6564
6565
6566
6567
6568
6569
6570
6571
6572
6573
6574
6575
6576
6577
6578
6579
6580
6581
6582
6583
6584
6585
6586
6587
6588
6589
6590
6591
6592
6593
6594
6595
6596
6597
6598
6599
6600
6601
6602
6603
6604
6605
6606
6607
6608
6609
6610
6611
6612
6613
6614
6615
6616
6617
6618
6619
6620
6621
6622
6623
6624
6625
6626
6627
6628
6629
6630
6631
6632
6633
6634
6635
6636
6637
6638
6639
6640
6641
6642
6643
6644
6645
6646
6647
6648
6649
6650
6651
6652
6653
6654
6655
6656
6657
6658
6659
6660
6661
6662
6663
6664
6665
6666
6667
6668
6669
6670
6671
6672
6673
6674
6675
6676
6677
6678
6679
6680
6681
6682
6683
6684
6685
6686
6687
6688
6689
6691
6692
6693
6694
6695
6696
6697
6698
6699
6700
6701
6702
6703
6704
6705
6706
6707
6708
6709
6710
6711
6712
6713
6714
6715
6716
6717
6718
6719
6720
6721
6722
6723
6724
6725
6726
6727
6728
6729
6730
6731
6732
6733
6734
6735
6736
6737
6738
6739
6740
6741
6742
6743
6744
6745
6746
6747
6748
6749
6750
6751
6752
6753
6754
6755
6756
6757
6758
6759
6760
6761
6762
6763
6764
6765
6766
6767
6768
6769
6770
6771
6772
6773
6774
6775
6776
6777
6778
6779
6780
6781
6782
6783
6784
6785
6786
6787
6788
6789
6790
6791
6792
6793
6794
6795
6796
6797
6798
6799
6800
6801
6802
6803
6804
6805
6806
6807
6808
6809
6810
6811
6812
6813
6814
6815
6816
6817
6818
6819
6820
6821
6822
6823
6824
6825
6827
6829
6830
6831
6832
6833
6834
6835
6836
6837
6838
6839
6840
6841
6842
6843
6844
6845
6846
6847
6848
6849
6850
6851
6852
6853
6854
6855
6856
6857
6858
6859
6860
6861
6862
6863
6864
6865
6866
6867
6868
6869
6870
6871
6872
6873
6874
6875
6876
6877
6878
6879
6880
6881
6882
6883
6884
6885
6886
6887
6888
6889
6890
6891
6892
6893
6894
6895
6896
6897
6898
6899
6900
6902
6903
6904
6905
6906
6907
6908
6910
6911
6912
6914
6915
6916
6917
6918
6919
6920
6921
6922
6923
6924
6925
6926
6927
6928
6929
6930
6931
6932
6933
6934
6935
6936
6937
6938
6939
6940
6941
6942
6943
6944
6945
6946
6947
6948
6949
6950
6951
6952
6953
6954
6955
6956
6957
6958
6959
6960
6961
6962
6963
6964
6965
6966
6967
6968
6969
6970
6971
6972
6973
6974
6975
6976
6977
6978
6979
6980
6981
6982
6983
6984
6985
6986
6987
6988
6989
6990
6991
6992
6993
6994
6995
6996
6997
6998
6999
